-33159.4671667712,
-33217.8282965023,
-33276.2437330481,
-33334.6736626081,
-33393.1167555639,
-33451.7864782799,
-33510.491996749,
-33569.2190624957,
-33627.9074883694,
-33686.6746366124,
-33745.4388527601,
-33804.349065125,
-33863.3299563204,
-33922.3245598629,
-33981.3959138171,
-34040.5592943873,
-34099.7031291714,
-34158.8805689564,
-34218.1446681972,
-34277.4889531963,
-34336.8405819832,
-34396.2719946125,
-34455.6444435575,
-34515.0866682342,
-34574.6112671739,
-34634.1014149315,
-34693.6768283964,
-34753.3269958531,
-34812.8963152742,
-34872.5107312537,
-34932.3000424795,
-34992.0703375199,
-35051.8038307072,
-35111.5298225959,
-35171.4051607103,
-35231.2188139036,
-35291.1704791869,
-35351.0751442463,
-35410.9929344306,
-35470.983395207,
-35530.9462440075,
-35591.1590791321,
-35651.1779655026,
-35711.3381297339,
-35771.4835466658,
-35831.6298775408,
-35891.8287333489,
-35952.0293518212,
-36012.3763248278,
-36072.5976224125,
-36132.888371045,
-36193.2260229098,
-36253.5417413312,
-36313.9466485433,
-36374.3293532201,
-36434.724998556,
-36494.9930831353,
-36555.3987503729,
-36615.8899598214,
-36676.3154554067,
-36736.7272756523,
-36797.1308975127,
-36857.58787662,
-36918.1152104195,
-36978.6498988213,
-37039.2872413445,
-37099.8622422416,
-37160.4438240844,
-37221.0906938874,
-37281.7627857182,
-37342.4050459405,
-37403.0704096081,
-37463.8436182186,
-37524.5404467043,
-37585.2091746964,
-37645.9908764085,
-37706.672886182,
-37767.4140458086,
-37828.1255356595,
-37888.8888740974,
-37949.5633583345,
-38010.2919884484,
-38071.0623298995,
-38131.7320534873,
-38192.5540539362,
-38253.4422678347,
-38314.350012665,
-38375.1131601608,
-38436.0581832362,
-38496.9552785398,
-38557.8080997207,
-38618.7555817503,
-38679.682250637,
-38740.5652550797,
-38801.4337351053,
-38862.4088519746,
-38923.329895692,
-38984.2810792199,
-39045.2735979837,
-39106.1784205513,
-39167.0961160412,
-39228.0374359766,
-39289.0602978972,
-39350.0508808928,
-39410.9888136356,
-39472.0136908717,
-39532.9864149823,
-39594.1160668461,
-39655.1717846896,
-39716.3935395814,
-39777.5222095689,
-39838.6394201969,
-39899.808881254,
-39960.9792429813,
-40022.1799305013,
-40083.2945801158,
-40144.4264558887,
-40205.4569624206,
-40266.427178423,
-40327.4528426133,
-40388.4664539188,
-40449.4938665121,
-40510.545567555,
-40571.6205323644,
-40632.6498139331,
-40693.7658778666,
-40754.8910628785,
-40816.0319423055,
-40877.1383477788,
-40938.1778299206,
-40999.199852866,
-41060.2278472679,
-41121.2008706253,
-41182.1772366497,
-41243.2034671612,
-41304.1210569098,
-41365.0742488652,
-41426.1397720701,
-41487.1730018953,
-41548.1417154503,
-41609.2141164389,
-41670.3141228597,
-41731.5016706866,
-41792.7111645009,
-41853.8570342006,
-41915.0261768353,
-41976.1281482768,
-42037.2943551117,
-42098.3560460753,
-42159.4537196503,
-42220.5143921043,
-42281.6414728582,
-42342.6030370012,
-42403.6572333262,
-42464.5919295467,
-42525.5916992274,
-42586.4916303569,
-42647.3191254392,
-42708.1617000653,
-42768.9744311972,
-42829.9150645191,
-42890.8205153436,
-42951.9444611494,
-43012.9074624792,
-43073.839833327,
-43134.8678841794,
-43195.8490015485,
-43256.7676809092,
-43317.6501579098,
-43378.4829520743,
-43439.3444494236,
-43500.2197981482,
-43561.156114641,
-43621.8536552091,
-43682.6758001251,
-43743.4425202817,
-43804.25679217,
-43864.9902026983,
-43925.623153211,
-43986.3419318099,
-44047.1123214872,
-44107.9110690658,
-44168.6974436348,
-44229.3505488523,
-44289.9706807605,
-44350.6968402224,
-44411.3759892408,
-44471.9229081907,
-44532.4317943497,
-44592.9490225508,
-44653.5511773458,
-44714.1206185754,
-44774.685130482,
-44835.0719506652,
-44895.6340854498,
-44956.0997781682,
-45016.5992163776,
-45077.0968892448,
-45137.5732675004,
-45197.9714615585,
-45258.5085303902,
-45318.9830187338,
-45379.3640854888,
-45439.7347226857,
-45499.9897071342,
-45560.2071135558,
-45620.3686457193,
-45680.6487262122,
-45740.8871625243,
-45801.0912009619,
-45861.2685898954,
-45921.451830297,
-45981.6787646184,
-46041.8428555428,
-46101.9547088495,
-46161.985864797,
-46221.9030083527,
-46281.8142375412,
-46341.7951980668,
-46401.6801820615,
-46461.615606041,
-46521.486508063,
-46581.3933335749,
-46641.2222170515,
-46700.9127633031,
-46760.7855222423,
-46820.5375237932,
-46880.1090771123,
-46939.7288901927,
-46999.4294743063,
-47058.8613289941,
-47118.335722259,
-47177.9918488245,
-47237.3655590836,
-47296.7606022239,
-47356.1673105764,
-47415.4839093142,
-47474.7189046803,
-47533.9741096393,
-47593.0936867614,
-47652.1786530388,
-47711.2407483044,
-47770.2489389631,
-47829.3058647533,
-47888.2176536406,
-47946.9866863074,
-48005.8117493722,
-48064.5851482388,
-48123.243299852,
-48181.9263821026,
-48240.4591807457,
-48298.8549443597,
-48357.224095414,
-48415.6259827156,
-48473.9974353614,
-48532.2166391536,
-48590.3871664749,
-48648.5365185927,
-48706.5621079155,
-48764.6063859873,
-48822.6407189046,
-48880.4951865501,
-48938.1907933605,
-48995.9155957605,
-49053.5738403726,
-49111.1342449184,
-49168.59215791,
-49225.8813360338,
-49283.1302779129,
-49340.2562181234,
-49397.4082589059,
-49454.3250729982,
-49511.1549363423,
-49567.8421018365,
-49624.4706566441,
-49680.9855399198,
-49737.2996856516,
-49793.565678543,
-49849.7072448001,
-49905.7740243266,
-49961.7108330902,
-50017.5709293069,
-50073.2304674733,
-50128.717404275,
-50184.3012185082,
-50239.6606940924,
-50294.7265104054,
-50349.650920059,
-50404.3421036521,
-50458.7718740061,
-50513.1778247416,
-50567.4491838977,
-50621.4027611112,
-50675.1633960186,
-50728.854319839,
-50782.2245933357,
-50835.3593333805,
-50888.2812981028,
-50940.9879969672,
-50993.5056016181,
-51045.7052367764,
-51097.5540921691,
-51149.1061880323,
-51200.3562154945,
-51251.3404209352,
-51302.0481416047,
-51352.3723770875,
-51402.285927623,
-51451.7469864062,
-51501.0937286825,
-51550.0026044363,
-51598.5090614085,
-51646.5085796436,
-51694.1064137996,
-51741.0923300765,
-51787.7627053389,
-51833.9509047494,
-51879.3927569346,
-51924.1076113121,
-51968.128186667,
-52011.6370690677,
-52054.3351800356,
-52096.207686952,
-52137.3318275494,
-52177.3950053512,
-52216.6070872923,
-52254.8274934618,
-52287.8209695332,
-52323.675630959,
-52358.0564839868,
-52390.6309319715,
-52422.2152209955,
-52446.6414695095,
-52471.0677180237,
-52496.8080665466,
-52481.3089856155,
-51827.7122219211,
-51174.1154582266,
-50520.5186945322,
-49866.9219308378,
-49213.3251671433,
-48559.7284034489,
-47906.1316397544,
-47252.53487606,
-46598.9381123655,
-45945.3413486711,
-45291.7445849767,
-44638.1478212822,
-43984.5510575878,
-43330.9542938934,
-42677.3575301989,
-42023.7607665045,
-41370.1640028101,
-40716.5672391156,
-40062.9704754212,
-39409.3737117267,
-38755.7769480323,
-38102.1801843378,
-37448.5834206434,
-36794.986656949,
-36141.3898932545,
-35487.7931295601,
-34834.1963658656,
-34180.5996021712,
-33527.0028384768,
-32873.4060747823,
-32219.8093110879,
-31566.2125473935,
-30912.615783699,
-30259.0190200046,
-29605.4222563101,
-28951.8254926157,
-28298.2287289213,
-27644.6319652268,
-26991.0352015324,
-26337.4384378379,
-25683.8416741435,
-25030.2449104491,
-24376.6481467546,
-23723.0513830601,
-23069.4546193657,
-22415.8578556713,
-21762.2610919769,
-21108.6643282824,
-20455.067564588,
-19801.4708008936,
-19147.8740371991,
-18494.2772735047,
-17840.6805098102,
-17187.0837461158,
-16533.4869824213,
-15879.8902187269,
-15226.2934550325,
-14572.696691338,
-13919.0999276436,
-13265.5031639491,
-12611.9064002547,
-11958.3096365602,
-11304.7128728658,
-10651.1161091714,
-9997.51934547696,
-9343.92258178251,
-8690.32581808808,
-8036.72905439365,
-7383.13229069917,
-6729.53552700474,
-6075.93876331032,
-5422.34199961589,
-4768.74523592147,
-4255.02175383008,
-3652.95058303824,
-3061.35788428719,
-2025.6295737412,
-1449.04981731551,
-742.580539131653,
-381.805779362941,
49.9575051787106,
459.389099144009,
518.463084370319,
546.182576701873,
415.919801101893,
537.592763370799,
537.73503383034,
530.296527416329,
516.605113893183,
497.602429121545,
475.35808087895,
449.105193559628,
420.194030683148,
388.783534365153,
355.401379979854,
319.907814984137,
282.711891168017,
244.024830744976,
203.876619999519,
162.821715075734,
120.404233534864,
76.891275133672,
32.2090032488268,
-13.9497390276119,
-61.4316955313552,
-109.651963690732,
-157.956759168246,
-207.350059389963,
-257.21669531674,
-308.022891536246,
-358.862929998038,
-409.901609550761,
-461.220558017802,
-512.928399384997,
-565.461724639623,
-618.194779000725,
-671.460813321646,
-724.734074165324,
-778.548527225274,
-832.858879593874,
-887.309889630524,
-942.076811427192,
-997.060521422623,
-1052.37281460494,
-1107.96778680669,
-1164.02928333415,
-1220.2473304572,
-1276.51808147984,
-1333.20985975094,
-1389.95906746001,
-1446.89872002656,
-1504.25365090136,
-1561.67858214177,
-1619.15377642063,
-1676.85866755226,
-1734.76953750944,
-1792.65823335763,
-1850.83833706727,
-1909.17776920583,
-1967.47403694441,
-2025.97248563061,
-2084.66620011079,
-2143.45490419005,
-2202.58925363806,
-2261.70823371539,
-2320.90991204112,
-2380.31011087503,
-2439.91686336505,
-2499.34045682818,
-2558.90425530782,
-2618.3914183411,
-2678.06075888675,
-2737.91888298731,
-2797.91477177408,
-2857.74079230359,
-2917.67689014832,
-2977.9266543931,
-3038.14967021252,
-3098.46055739754,
-3158.78678833619,
-3219.06628351492,
-3279.41387839493,
-3339.96339053197,
-3400.56482731315,
-3461.10024920763,
-3521.7525762707,
-3582.61536087788,
-3643.53832530887,
-3704.46128973986,
-3765.52033784028,
-3826.46626966917,
-3887.53188155717,
-3948.59749344517,
-4009.73248897389,
-4070.86748450261,
-4132.10044545561,
-4193.14468584205,
-4254.39340710326,
-4315.64212836447,
-4377.05081479278,
-4438.53419699399,
-4499.80082567789,
-4561.36398768605,
-4622.89886463244,
-4684.35606004693,
-4746.42038537369,
-4807.96950272384,
-4869.51937732876,
-4931.08545885374,
-4993.17051956349,
-5054.7100306118,
-5116.38187483465,
-5178.12329623325,
-5239.8828139426,
-5301.49568519675,
-5363.28145976637,
-5425.06563554021,
-5486.72631538518,
-5548.80274061788,
-5610.84446890157,
-5672.91782248863,
-5735.09456970371,
-5797.06244052183,
-5859.36980170751,
-5921.24551383618,
-5983.63854177812,
-6045.48185955424,
-6107.42302804273,
-6169.41089556442,
-6231.56369415432,
-6293.57491837593,
-6355.89403767722,
-6418.18360763276,
-6480.25228202058,
-6542.6155962041,
-6605.15652456677,
-6667.46151107279,
-6729.71183613504,
-6792.06149038906,
-6854.33356448767,
-6916.74492865587,
-6979.24894924218,
-7041.69134539833,
-7103.90249843101,
-7166.39742095388,
-7228.73984993974,
-7291.26761294686,
-7353.6223198984,
-7416.10984248005,
-7478.43343346833,
-7540.92009640585,
-7603.42705959663,
-7665.85162848862,
-7728.34646116511,
-7790.79051539901,
-7853.4247477191,
-7915.8830573564,
-7978.37715511007,
-8040.88655104678,
-8103.43297275092,
-8166.08829648032,
-8228.77817807315,
-8291.30030333669,
-8353.83775894173,
-8416.46658229935,
-8479.13555744212,
-8541.86266326046,
-8604.57380669035,
-8667.22062141014,
-8729.77957048028,
-8792.43694973762,
-8855.07546432544,
-8917.72825233843,
-8980.32839478921,
-9043.07421666107,
-9105.89618378673,
-9168.50381626969,
-9231.17210572224,
-9293.917152514,
-9356.68818856509,
-9419.51774624012,
-9482.17392565335,
-9544.96406813257,
-9607.63586671932,
-9670.31787671272,
-9733.12395592623,
-9795.9807963966,
-9858.68350003526,
-9921.42660341028,
-9984.14459527075,
-10046.6778345386,
-10109.5459994443,
-10172.4141643501,
-10235.1302543946,
-10297.9136429608,
-10360.7846542454,
-10423.6556655301,
-10486.4394933534,
-10549.4098591359,
-10611.9879221247,
-10674.8759965492,
-10737.6142657435,
-10800.4533121843,
-10863.3570301633,
-10926.3511876668,
-10989.0687641105,
-11051.9931936198,
-11114.9906689324,
-11177.988144245,
-11240.8686367515,
-11303.7248223667,
-11366.5810079819,
-11429.4371935972,
-11492.3711951215,
-11555.2637350479,
-11618.1562749744,
-11680.8544557888,
-11743.6679934345,
-11806.48153108,
-11869.6341476428,
-11932.5051087755,
-11995.3287345032,
-12058.1523602308,
-12121.0226030118,
-12183.9737282846,
-12246.9248535573,
-12309.7415701381,
-12372.679112673,
-12435.6166552079,
-12498.5541977427,
-12561.2835460668,
-12624.0638262353,
-12686.8441064037,
-12749.8326045948,
-12812.5059105513,
-12875.1792165078,
-12938.3828984755,
-13001.3343780515,
-13064.3195924197,
-13127.3048067879,
-13190.2866387208,
-13253.2659281961,
-13316.2236445945,
-13379.296493918,
-13442.0731904826,
-13504.9002199347,
-13567.7050858564,
-13630.5811053314,
-13693.4571248064,
-13756.5965375063,
-13819.2983526776,
-13882.1983750858,
-13945.098397494,
-14008.1156874244,
-14070.9673151392,
-14133.6444224419,
-14196.5439310881,
-14259.1909289553,
-14322.1982976196,
-14385.2360458233,
-14448.0231056598,
-14511.0119399504,
-14573.9637191833,
-14636.8842733176,
-14699.8949007662,
-14763.1077126178,
-14825.8265648946,
-14888.7235318108,
-14951.6254689182,
-15014.5790741569,
-15077.376876728,
-15140.3132484326,
-15203.1467722008,
-15265.9606190467,
-15328.8219279466,
-15391.7649851747,
-15454.456819951,
-15517.2485585371,
-15580.06936015,
-15642.9092255502,
-15705.818936681,
-15768.6893727384,
-15831.4749669828,
-15894.31634664,
-15957.2428231524,
-16020.098068312,
-16082.8067244154,
-16145.7305553646,
-16208.3797302954,
-16271.1986536709,
-16333.8475399964,
-16396.7181532259,
-16459.2871782493,
-16522.1623318075,
-16584.9509366637,
-16647.7023911382,
-16710.4679044161,
-16773.2670137075,
-16836.0202848865,
-16898.7692949932,
-16961.8408140168,
-17024.5100724731,
-17087.1717810314,
-17149.970203173,
-17212.7713270118,
-17275.4251948582,
-17338.1358274661,
-17400.8901415805,
-17463.4401183358,
-17526.2617296631,
-17588.8294985103,
-17651.5396302167,
-17714.2978384145,
-17777.0971300877,
-17839.661671564,
-17902.3379748325,
-17965.0897870174,
-18027.802181921,
-18090.5602495603,
-18153.1473029145,
-18215.7530692501,
-18278.325419206,
-18341.1033524758,
-18403.7287779961,
-18466.2477217954,
-18528.8322807723,
-18591.158355937,
-18653.8474700226,
-18716.3791011514,
-18778.7032712885,
-18841.1050604076,
-18903.6792560923,
-18966.0962206587,
-19028.5131852251,
-19091.1396891565,
-19153.7661930879,
-19216.232241448,
-19278.6982898082,
-19341.1280539123,
-19403.5578180163,
-19465.6093754519,
-19527.9796203909,
-19590.3498653298,
-19652.9519998383,
-19715.3496807631,
-19777.7552257266,
-19840.16077069,
-19902.5663156535,
-19964.8520932148,
-20027.0872169605,
-20089.3223407063,
-20151.557464452,
-20213.7925881978,
-20275.9251953489,
-20338.0578025001,
-20400.1904096512,
-20462.3230168023,
-20524.4027891102,
-20586.4825614181,
-20648.5623337261,
-20710.6026261388,
-20772.623829216,
-20834.6450322931,
-20896.7922333113,
-20958.6785265293,
-21020.5648197473,
-21082.8247879285,
-21144.5583514197,
-21206.4079639958,
-21268.257576572,
-21330.2699041284,
-21391.9725022132,
-21453.672808849,
-21515.5180106014,
-21577.3433833533,
-21639.0914597214,
-21700.9400693141,
-21762.5178596042,
-21824.1475977747,
-21885.8504681105,
-21947.4772664819,
-22009.0466490444,
-22070.6634930583,
-22132.1537054981,
-22193.5972943278,
-22255.1211161917,
-22316.5662327213,
-22377.8797376703,
-22439.0978193294,
-22500.3028871026,
-22561.3093209629,
-22622.3823556267,
-22683.2895168081,
-22744.2973586258,
-22805.2157212442,
-22866.0755912458,
-22926.9550778414,
-22987.8549113305,
-23048.6224640462,
-23109.5815495422,
-23170.4616941315,
-23231.2421404888,
-23291.999616654,
-23352.6495919642,
-23413.2089940013,
-23473.5980168254,
-23534.0270683927,
-23594.1118469548,
-23654.2441786632,
-23714.3732341834,
-23774.3991694714,
-23834.336896615,
-23894.0754247816,
-23954.0525890103,
-24013.9747887814,
-24073.593962166,
-24133.1633513713,
-24192.7226783159,
-24252.0617528295,
-24311.276974094,
-24370.6035666105,
-24429.674368528,
-24488.5132963147,
-24547.5275993763,
-24606.233033457,
-24664.7781297651,
-24723.360390256,
-24781.8086356849,
-24840.1604758675,
-24898.3802472505,
-24956.4181684312,
-25014.196027753,
-25071.9985831208,
-25129.6206182312,
-25187.0441698839,
-25244.0793423284,
-25300.9448863723,
-25357.6961829163,
-25414.4431487877,
-25470.7074915584,
-25527.0959759013,
-25583.1126016204,
-25639.066935354,
-25694.8552319004,
-25750.5303515266,
-25805.980832867,
-25861.0442772739,
-25915.9931748641,
-25970.5307889512,
-26024.9469605481,
-26078.9254854791,
-26132.3002094153,
-26185.2954706685,
-26237.9642672925,
-26290.1690070421,
-26342.0130278276,
-26393.3881621745,
-26444.3658918918,
-26494.7585675777,
-26544.9820407362,
-26594.5554180709,
-26643.6992098019,
-26692.1870487289,
-26740.130305372,
-26787.3341737935,
-26834.1677005789,
-26880.6687873823,
-26926.0144492626,
-26971.0999094532,
-27015.2949263663,
-27059.0570137979,
-27102.1045630855,
-27144.2767432929,
-27185.5481064401,
-27225.7121976415,
-27265.4713872702,
-27303.9631679103,
-27342.0409955493,
-27378.947695058,
-27415.0404125026,
-27450.2775964984,
-27484.677286619,
-27518.4378751741,
-27551.3632801045,
-27583.5950791907,
-27614.5342643614,
-27645.0988628553,
-27674.7550748356,
-27703.9105247526,
-27732.3422032703,
-27760.1206101177,
-27787.6707292401,
-27814.4235852993,
-27841.1397846595,
-27867.4209699792,
-27893.4255008632,
-27919.3910521036,
-27945.0794370974,
-27970.9576558749,
-27996.6167125278,
-28022.6501257548,
-28048.8087456878,
-28075.0330690734,
-28101.7227724052,
-28128.7970426373,
-28156.3662524917,
-28184.4285851255,
-28212.9276435237,
-28241.9108180506,
-28271.2841964678,
-28301.4372171927,
-28332.0883932439,
-28363.3344385962,
-28395.0893480612,
-28427.5864721584,
-28460.6100021691,
-28494.3887938994,
-28528.8389894204,
-28563.76300025,
-28599.5271407637,
-28635.6676317923,
-28672.7263342357,
-28710.1623486147,
-28748.3854270523,
-28787.0013962508,
-28826.2069532785,
-28866.0956652761,
-28906.4450353409,
-28947.4965513596,
-28988.7850617002,
-29030.6817189559,
-29073.0070346581,
-29115.8380984346,
-29159.3503236016,
-29203.2804038115,
-29247.5197932469,
-29292.2986310521,
-29337.5777621658,
-29383.1417743655,
-29429.1701191401,
-29475.6675569996,
-29522.4326639167,
-29569.6103266454,
-29617.2067266522,
-29665.116489675,
-29713.3566579109,
-29761.9040043902,
-29810.859046046,
-29860.0408014167,
-29909.5799512688,
-29959.5198452443,
-30009.7062966898,
-30060.0942112101,
-30110.7727143742,
-30161.7849787406,
-30212.978543683,
-30264.4066013368,
-30316.0857351738,
-30367.9631231037,
-30420.1213652687,
-30472.3721835725,
-30525.0021370432,
-30577.6403713702,
-30630.6771662071,
-30683.863901952,
-30737.200296302,
-30790.7297732156,
-30844.3977501972,
-30898.2841746055,
-30952.2953552829,
-31006.6484998242,
-31061.0009322004,
-31115.6575674395,
-31170.4499138931,
-31225.41024226,
-31280.5223810989,
-31335.7679645725,
-31391.2340343566,
-31446.715845944,
-31502.4736520606,
-31558.2324734058,
-31614.2118508784,
-31670.2706765207,
-31726.3938833069,
-31782.5920420331,
-31838.8184950977,
-31895.2589116011,
-31951.6596559474,
-32008.2255371196,
-32064.8414525647,
-32121.622958482,
-32178.5975688476,
-32235.6993732603,
-32292.8714674152,
-32350.0699515719,
-32407.376446665,
-32464.7624721778,
-32522.255416723,
-32579.7545735029,
-32637.3567493716,
-32695.0158240223,
-32752.8471652713,
-32810.6916451631,
-32868.6742764043,
-32926.7764130239,
-32984.8804192919,
-33042.983491248,
-33101.1222512464,